模型: 线性SVM 超参数: C=1
预处理: P0_原始文本   TF-IDF: 次线性TF缩放

              precision    recall  f1-score   support

           0     0.8824    0.9247    0.9030       146
           1     0.9267    0.9392    0.9329       148
           2     0.8591    0.8707    0.8649       147
           3     0.9595    0.9595    0.9595       148
           4     0.9864    0.9667    0.9764       150
           5     0.9673    0.9933    0.9801       149
           6     0.9653    0.9329    0.9488       149
           7     0.8944    0.8581    0.8759       148
           8     0.9662    0.9662    0.9662       148
           9     0.9929    0.9858    0.9893       141

    accuracy                         0.9396      1474
   macro avg     0.9400    0.9397    0.9397      1474
weighted avg     0.9400    0.9396    0.9396      1474
